<?xml version="1.0" encoding="UTF-8" standalone="no" ?>
<SimscapeMultibodyImportXML version="2.0" xmlns="urn:mathworks:SimscapeMultibody:import" xmlns:xsi="http://www.w3.org/2001/XMLSchema-instance">
<Created by="" on="10/12/18||17:51:31" using="Simscape Multibody Link Version 5.1" from="SolidWorks 25.4.1"/>
<ModelUnits mass="kilogram" length="millimeter"/>
<DataUnits mass="kilogram" length="meter"/>
<RootAssembly name="Assem4" uid="Assem4" version="1002">
<AssemblyFile name="Assem4.SLDASM" type="SolidWorks Assembly"/>
<InstanceTree>
<Instance name="Part10-1" uid="Part10-1" entityUid="Part10*:*Varsayilan">
<Transform>
<Rotation>0.50000000000000444 -3.1112311318764936e-16 0.86602540378443604 1.7531197770765651e-16 1 2.5803760877832621e-16 -0.86602540378443604 0 0.50000000000000444</Rotation>
<Translation>-0.19067515145500491 0.050253058384564786 0.74532548742204752</Translation>
</Transform>
</Instance>
<Instance name="Part10-2" uid="Part10-2" entityUid="Part10*:*Varsayilan">
<Transform>
<Rotation>1 0 0 0 1 0 0 0 1</Rotation>
<Translation>0.12562915479158365 0.050344784711102701 0.63620242922467196</Translation>
</Transform>
</Instance>
<Instance name="kafa3-1" uid="kafa3-1" grounded="true" entityUid="kafa3*:*Varsayilan">
<Transform>
<Rotation>1 0 0 0 1 0 0 0 1</Rotation>
<Translation>0.066830735249254758 -0.014655215288897395 0.58470073326645855</Translation>
</Transform>
</Instance>
<Instance name="instrument ball bearing_68_am-1" uid="instrument ball bearing_68_am-1" entityUid="instrument ball bearing_68_am*:*AFBMA 12.1.4.1 - 0100-15 - 20,SI,NC,20_68">
<Transform>
<Rotation>-1.03442529524036e-16 0.32215697648452551 0.94668626402961442 0 0.94668626402961442 -0.32215697648452551 -1 0 0</Rotation>
<Translation>0.12477711354425468 0.050344784711102576 0.60811814654954988</Translation>
</Transform>
</Instance>
<Instance name="hex flange nut_am-24" uid="hex flange nut_am-24" entityUid="hex flange nut_am*:*B18.2.2.4M - Hex flange nut, M6 x 1 --N">
<Transform>
<Rotation>1 0 0 0 1 0 0 0 1</Rotation>
<Translation>0.095652113544254791 0.021219784711102592 0.65490242922467201</Translation>
</Transform>
</Instance>
<Instance name="instrument ball bearing_68_am-4" uid="instrument ball bearing_68_am-4" entityUid="instrument ball bearing_68_am*:*AFBMA 12.1.4.1 - 0100-15 - 20,SI,NC,20_68">
<Transform>
<Rotation>-0.86602540378443749 0.010221016557015855 -0.49989551990445297 0 0.99979103980890172 0.020442033114031522 0.50000000000000189 0.017703319981753958 -0.86584443895056662</Rotation>
<Translation>-0.1517926157783937 0.050253058384564668 0.40064294008651391</Translation>
</Transform>
</Instance>
<Instance name="hex flange machine screw_am-20" uid="hex flange machine screw_am-20" entityUid="hex flange machine screw_am*:*B18.6.7M - M6 x 1.0 x 50 Indented HFMS --50C">
<Transform>
<Rotation>0 0 -1 0 1 0 1 0 0</Rotation>
<Translation>0.095652113544254846 0.021219784711102585 0.5995024292246719</Translation>
</Transform>
</Instance>
<Instance name="hex flange machine screw_am-22" uid="hex flange machine screw_am-22" entityUid="hex flange machine screw_am*:*B18.6.7M - M6 x 1.0 x 50 Indented HFMS --50C">
<Transform>
<Rotation>0.86602540378443749 0 0.50000000000000211 0 1 0 -0.50000000000000211 0 0.86602540378443749</Rotation>
<Translation>-0.14509916143416879 0.07937805838456502 0.43040912559936273</Translation>
</Transform>
</Instance>
<Instance name="Kopya Moteur-2" uid="Kopya Moteur-2" entityUid="Kopya Moteur*:*Default">
<Transform>
<Rotation>0 1.0000000000000002 7.8825834748386114e-15 -1.4029887386145644e-16 7.8825834748386114e-15 -1.0000000000000002 -1 0 1.4029887386145568e-16</Rotation>
<Translation>0.12477711354425491 0.050344784711102639 0.58540242922467189</Translation>
</Transform>
</Instance>
<Instance name="hex flange machine screw_am-23" uid="hex flange machine screw_am-23" entityUid="hex flange machine screw_am*:*B18.6.7M - M6 x 1.0 x 50 Indented HFMS --50C">
<Transform>
<Rotation>0.86602540378443749 0 0.50000000000000211 0 1 0 -0.50000000000000211 0 0.86602540378443749</Rotation>
<Translation>-0.17422416143416886 0.079378058384564798 0.37996314582891944</Translation>
</Transform>
</Instance>
<Instance name="hex flange machine screw_am-28" uid="hex flange machine screw_am-28" entityUid="hex flange machine screw_am*:*B18.6.7M - M6 x 1.0 x 50 Indented HFMS --50C">
<Transform>
<Rotation>-0.86602540378443615 2.8437066498516843e-16 0.50000000000000455 -2.5803760877832621e-16 1 -1.0156755786379681e-15 -0.50000000000000455 -1.0086196574931015e-15 -0.86602540378443615</Rotation>
<Translation>-0.17073630187331346 0.021128058384565003 0.72419038690208493</Translation>
</Transform>
</Instance>
<Instance name="hex flange nut_am-16" uid="hex flange nut_am-16" entityUid="hex flange nut_am*:*B18.2.2.4M - Hex flange nut, M6 x 1 --N">
<Transform>
<Rotation>-0.50000000000000211 1.0787902088161096e-16 0.8660254037844376 1.1960990744404339e-16 1 0 -0.8660254037844376 0 -0.50000000000000211</Rotation>
<Translation>-0.12624635406451107 0.079378058384564798 0.35226314582891932</Translation>
</Transform>
</Instance>
<Instance name="Kopya Moteur-3" uid="Kopya Moteur-3" entityUid="Kopya Moteur*:*Default">
<Transform>
<Rotation>0.86602540378443627 -0.50000000000000411 -1.4824681130421105e-15 4.9960036108132044e-16 3.8302694349567901e-15 -1 0.50000000000000422 0.86602540378443615 3.566910814552301e-15</Rotation>
<Translation>-0.17308784367995295 0.050253058384564842 0.75646337678730668</Translation>
</Transform>
</Instance>
<Instance name="hex flange machine screw_am-18" uid="hex flange machine screw_am-18" entityUid="hex flange machine screw_am*:*B18.6.7M - M6 x 1.0 x 50 Indented HFMS --50C">
<Transform>
<Rotation>0 0 -1 0 1 0 1 0 0</Rotation>
<Translation>0.1539021135442547 0.079469784711102873 0.59950242922467178</Translation>
</Transform>
</Instance>
<Instance name="hex flange machine screw_am-21" uid="hex flange machine screw_am-21" entityUid="hex flange machine screw_am*:*B18.6.7M - M6 x 1.0 x 50 Indented HFMS --50C">
<Transform>
<Rotation>0 0 -1 0 1 0 1 0 0</Rotation>
<Translation>0.15390211354425487 0.021219784711102918 0.59950242922467201</Translation>
</Transform>
</Instance>
<Instance name="hex flange machine screw_am-24" uid="hex flange machine screw_am-24" entityUid="hex flange machine screw_am*:*B18.6.7M - M6 x 1.0 x 50 Indented HFMS --50C">
<Transform>
<Rotation>0.86602540378443749 0 0.50000000000000211 0 1 0 -0.50000000000000211 0 0.86602540378443749</Rotation>
<Translation>-0.17422416143416886 0.021128058384564663 0.37996314582891955</Translation>
</Transform>
</Instance>
<Instance name="hex flange machine screw_am-19" uid="hex flange machine screw_am-19" entityUid="hex flange machine screw_am*:*B18.6.7M - M6 x 1.0 x 50 Indented HFMS --50C">
<Transform>
<Rotation>0 0 -1 0 1 0 1 0 0</Rotation>
<Translation>0.095652113544254957 0.07946978471110272 0.5995024292246719</Translation>
</Transform>
</Instance>
<Instance name="hex flange machine screw_am-27" uid="hex flange machine screw_am-27" entityUid="hex flange machine screw_am*:*B18.6.7M - M6 x 1.0 x 50 Indented HFMS --50C">
<Transform>
<Rotation>-0.86602540378443615 2.8437066498516843e-16 0.50000000000000455 -2.5803760877832621e-16 1 -1.0156755786379681e-15 -0.50000000000000455 -1.0086196574931015e-15 -0.86602540378443615</Rotation>
<Translation>-0.17073630187331357 0.079378058384564965 0.72419038690208515</Translation>
</Transform>
</Instance>
<Instance name="hex flange machine screw_am-29" uid="hex flange machine screw_am-29" entityUid="hex flange machine screw_am*:*B18.6.7M - M6 x 1.0 x 50 Indented HFMS --50C">
<Transform>
<Rotation>-0.86602540378443615 2.8437066498516843e-16 0.50000000000000455 -2.5803760877832621e-16 1 -1.0156755786379681e-15 -0.50000000000000455 -1.0086196574931015e-15 -0.86602540378443615</Rotation>
<Translation>-0.19986130187331375 0.021128058384564677 0.77463636667252822</Translation>
</Transform>
</Instance>
<Instance name="hex flange machine screw_am-26" uid="hex flange machine screw_am-26" entityUid="hex flange machine screw_am*:*B18.6.7M - M6 x 1.0 x 50 Indented HFMS --50C">
<Transform>
<Rotation>-0.86602540378443615 2.8437066498516843e-16 0.50000000000000455 -2.5803760877832621e-16 1 -1.0156755786379681e-15 -0.50000000000000455 -1.0086196574931015e-15 -0.86602540378443615</Rotation>
<Translation>-0.19986130187331363 0.079378058384564812 0.774636366672528</Translation>
</Transform>
</Instance>
<Instance name="hex flange machine screw_am-25" uid="hex flange machine screw_am-25" entityUid="hex flange machine screw_am*:*B18.6.7M - M6 x 1.0 x 50 Indented HFMS --50C">
<Transform>
<Rotation>0.86602540378443749 0 0.50000000000000211 0 1 0 -0.50000000000000211 0 0.86602540378443749</Rotation>
<Translation>-0.14509916143416868 0.021128058384564996 0.43040912559936295</Translation>
</Transform>
</Instance>
<Instance name="hex flange nut_am-17" uid="hex flange nut_am-17" entityUid="hex flange nut_am*:*B18.2.2.4M - Hex flange nut, M6 x 1 --N">
<Transform>
<Rotation>-0.50000000000000211 1.0787902088161096e-16 0.8660254037844376 1.1960990744404339e-16 1 0 -0.8660254037844376 0 -0.50000000000000211</Rotation>
<Translation>-0.097121354064510987 0.07937805838456502 0.40270912559936256</Translation>
</Transform>
</Instance>
<Instance name="hex flange nut_am-18" uid="hex flange nut_am-18" entityUid="hex flange nut_am*:*B18.2.2.4M - Hex flange nut, M6 x 1 --N">
<Transform>
<Rotation>-0.50000000000000211 1.0787902088161096e-16 0.8660254037844376 1.1960990744404339e-16 1 0 -0.8660254037844376 0 -0.50000000000000211</Rotation>
<Translation>-0.12624635406451098 0.021128058384564663 0.35226314582891949</Translation>
</Transform>
</Instance>
<Instance name="hex flange nut_am-20" uid="hex flange nut_am-20" entityUid="hex flange nut_am*:*B18.2.2.4M - Hex flange nut, M6 x 1 --N">
<Transform>
<Rotation>-0.50000000000000211 1.0787902088161096e-16 0.8660254037844376 1.1960990744404339e-16 1 0 -0.8660254037844376 0 -0.50000000000000211</Rotation>
<Translation>-0.097121354064510779 0.021128058384564996 0.40270912559936267</Translation>
</Transform>
</Instance>
<Instance name="hex flange nut_am-21" uid="hex flange nut_am-21" entityUid="hex flange nut_am*:*B18.2.2.4M - Hex flange nut, M6 x 1 --N">
<Transform>
<Rotation>1 0 0 0 1 0 0 0 1</Rotation>
<Translation>0.1539021135442547 0.079469784711102887 0.65490242922467201</Translation>
</Transform>
</Instance>
<Instance name="hex flange nut_am-23" uid="hex flange nut_am-23" entityUid="hex flange nut_am*:*B18.2.2.4M - Hex flange nut, M6 x 1 --N">
<Transform>
<Rotation>1 0 0 0 1 0 0 0 1</Rotation>
<Translation>0.15390211354425487 0.021219784711102918 0.65490242922467201</Translation>
</Transform>
</Instance>
<Instance name="hex flange nut_am-25" uid="hex flange nut_am-25" entityUid="hex flange nut_am*:*B18.2.2.4M - Hex flange nut, M6 x 1 --N">
<Transform>
<Rotation>1 0 0 0 1 0 0 0 1</Rotation>
<Translation>0.095652113544254569 0.079469784711102401 0.65490242922467201</Translation>
</Transform>
</Instance>
<Instance name="Part9-1" uid="Part9-1" entityUid="Part9*:*Varsayilan">
<Transform>
<Rotation>0.28084966997948752 0.86602540378443693 0.41367071792963067 0.8273414358592559 4.0809369772354387e-16 -0.56169933995897225 -0.48644589769342061 0.50000000000000322 -0.71649870105760771</Rotation>
<Translation>-0.16095123624433913 0.050253058384592389 0.76347045035730521</Translation>
</Transform>
</Instance>
<Instance name="Part9-2" uid="Part9-2" entityUid="Part9*:*Varsayilan">
<Transform>
<Rotation>-0.46602115512681497 3.2702523519873771e-16 -0.88477357723559358 0.88477357723559358 -8.2161919674417252e-16 -0.46602115512681497 -8.7934763369171069e-16 -1 0</Rotation>
<Translation>0.12477711354425909 0.050344784711091564 0.57138828208467196</Translation>
</Transform>
</Instance>
<Instance name="mafsal-1" uid="mafsal-1" entityUid="mafsal" rigid="true">
<Transform>
<Rotation>-0.31123602830517239 0.86602540378443682 -0.39132101232214062 0.78264202464427746 6.5355706957426207e-16 -0.62247205661034011 -0.53907661417049857 -0.50000000000000278 -0.67778787541122976</Rotation>
<Translation>-0.20060414620352165 -0.14675975761176441 0.3080030941309706</Translation>
</Transform>
<Instance name="instrument ball bearing_68_am-3" uid="instrument ball bearing_68_am-3" entityUid="instrument ball bearing_68_am*:*AFBMA 12.1.4.1 - 0050-11 - 10,SI,NC,10_68">
<Transform>
<Rotation>0 0.071891663422436941 -0.99741244664900552 0 0.99741244664900552 0.071891663422436941 1 0 0</Rotation>
<Translation>0.0024705133966083093 0.0089015639727321183 0.034475124160954718</Translation>
</Transform>
</Instance>
<Instance name="Parça3-1" uid="Parça3-1" entityUid="Parça3*:*Varsayilan">
<Transform>
<Rotation>1 0 0 0 1 0 0 0 1</Rotation>
<Translation>0.00097051339660830793 0.0089015639727321183 0.036000000000000032</Translation>
</Transform>
</Instance>
<Instance name="instrument ball bearing_68_am-6" uid="instrument ball bearing_68_am-6" entityUid="instrument ball bearing_68_am*:*AFBMA 12.1.4.1 - 0040-9 - 10,SI,NC,10_68">
<Transform>
<Rotation>0 0.085775120249902539 0.99631452300270862 0 0.99631452300270862 -0.085775120249902539 -1 0 0</Rotation>
<Translation>0.0024705133966082815 0.0089015639727321183 0.025437454661662667</Translation>
</Transform>
</Instance>
</Instance>
<Instance name="instrument ball bearing_68_am-6" uid="instrument ball bearing_68_am-6" entityUid="instrument ball bearing_68_am*:*AFBMA 12.1.4.1 - 0100-15 - 20,SI,NC,20_68">
<Transform>
<Rotation>0.86602540378443615 -3.9141471779210141e-16 -0.50000000000000455 4.179968690828256e-16 1 0 0.50000000000000455 -1.5804356011949825e-16 0.86602540378443615</Rotation>
<Translation>-0.19148563523552703 0.050253058384565334 0.74584140688020351</Translation>
</Transform>
</Instance>
<Instance name="Part2-2" uid="Part2-2" entityUid="Part2*:*Varsayilan">
<Transform>
<Rotation>-0.60143830243758034 5.2244281178021279e-16 -0.7989192502130622 -0.79891925021306232 0 0.60143830243758023 2.8912595115127555e-16 0.99999999999999989 4.362786231977566e-16</Rotation>
<Translation>0.24128240232598294 -0.17084860959778297 0.60978828208467228</Translation>
</Transform>
</Instance>
<Instance name="Parça1-3" uid="Parça1-3" entityUid="Parça1*:*Varsayilan">
<Transform>
<Rotation>0.39841466308685863 0.28522137414435483 -0.87173076346346234 0.60420445624767849 -0.79667895469372896 0.015479605891446119 -0.69007443894686615 -0.53287091389877272 -0.48974060259779828</Rotation>
<Translation>-0.2075835706352426 -0.17564067706935205 0.88200906043668847</Translation>
</Transform>
</Instance>
<Instance name="instrument ball bearing_68_am-17" uid="instrument ball bearing_68_am-17" entityUid="instrument ball bearing_68_am*:*AFBMA 12.1.4.1 - 0030-10 - 8,SI,NC,8_68">
<Transform>
<Rotation>0.86602540378443593 0.42779195437671264 -0.25883207639424699 -5.4817261840867094e-16 0.51766415278848998 0.85558390875341661 0.50000000000000466 -0.7409574000496435 0.4483103069433802</Rotation>
<Translation>-0.23585206536643427 -0.15658230058025496 0.88237506906560503</Translation>
</Transform>
</Instance>
<Instance name="mafsal-4" uid="mafsal-4" entityUid="mafsal" rigid="true">
<Transform>
<Rotation>-0.30232651350945677 -0.86602540378443582 -0.39824449679715718 0.79648899359430847 -1.5161483180037294e-15 -0.60465302701890578 0.52364488187352876 -0.50000000000000477 0.6897797022873704</Rotation>
<Translation>-0.25419161059950723 -0.14041044649864584 0.84247064400266092</Translation>
</Transform>
<Instance name="instrument ball bearing_68_am-3" uid="instrument ball bearing_68_am-3" entityUid="instrument ball bearing_68_am*:*AFBMA 12.1.4.1 - 0050-11 - 10,SI,NC,10_68">
<Transform>
<Rotation>0 0.071891663422436802 -0.99741244664900552 0 0.9974124466490053 0.071891663422436941 0.99999999999999989 -1.1102230246251565e-16 0</Rotation>
<Translation>0.0024705133966082538 0.008901563972732035 0.034475124160954662</Translation>
</Transform>
</Instance>
<Instance name="Parça3-1" uid="Parça3-1" entityUid="Parça3*:*Varsayilan">
<Transform>
<Rotation>1 0 0 0 1 0 0 0 1</Rotation>
<Translation>0.00097051339660830793 0.0089015639727320628 0.036000000000000032</Translation>
</Transform>
</Instance>
<Instance name="instrument ball bearing_68_am-6" uid="instrument ball bearing_68_am-6" entityUid="instrument ball bearing_68_am*:*AFBMA 12.1.4.1 - 0040-9 - 10,SI,NC,10_68">
<Transform>
<Rotation>0 0.085775120249902387 0.99631452300270873 0 0.99631452300270862 -0.085775120249902609 -0.99999999999999989 -1.6653345369377348e-16 0</Rotation>
<Translation>0.0024705133966082538 0.0089015639727320073 0.025437454661662584</Translation>
</Transform>
</Instance>
</Instance>
<Instance name="mafsal-8" uid="mafsal-8" entityUid="mafsal" rigid="true">
<Transform>
<Rotation>-0.64382986211309334 0 -0.76516867986832493 -0.76516867986832493 1.4029887372858333e-16 0.64382986211309334 1.6511649976826686e-16 1 0</Rotation>
<Translation>0.26582805302151918 -0.18827314598689651 0.61263671811194009</Translation>
</Transform>
<Instance name="instrument ball bearing_68_am-3" uid="instrument ball bearing_68_am-3" entityUid="instrument ball bearing_68_am*:*AFBMA 12.1.4.1 - 0050-11 - 10,SI,NC,10_68">
<Transform>
<Rotation>0 0.071891663422436899 -0.99741244664900552 0 0.99741244664900552 0.071891663422436899 1 0 0</Rotation>
<Translation>0.002470513396608285 0.0089015639727321183 0.034475124160954718</Translation>
</Transform>
</Instance>
<Instance name="Parça3-1" uid="Parça3-1" entityUid="Parça3*:*Varsayilan">
<Transform>
<Rotation>1 0 0 0 1 0 0 0 1</Rotation>
<Translation>0.00097051339660828365 0.0089015639727321183 0.035999999999999976</Translation>
</Transform>
</Instance>
<Instance name="instrument ball bearing_68_am-6" uid="instrument ball bearing_68_am-6" entityUid="instrument ball bearing_68_am*:*AFBMA 12.1.4.1 - 0040-9 - 10,SI,NC,10_68">
<Transform>
<Rotation>0 0.085775120249902526 0.99631452300270862 0 0.99631452300270873 -0.085775120249902526 -1 0 0</Rotation>
<Translation>0.002470513396608285 0.0089015639727321183 0.02543745466166264</Translation>
</Transform>
</Instance>
</Instance>
<Instance name="mafsal-5" uid="mafsal-5" entityUid="mafsal" rigid="true">
<Transform>
<Rotation>0.64345717036474681 0 -0.76548211599370075 0.76548211599370075 -1.4029887355945603e-16 0.64345717036474681 -1.651270365447417e-16 -1 0</Rotation>
<Translation>0.26265719624625988 -0.19204345853115393 0.55693984605740421</Translation>
</Transform>
<Instance name="instrument ball bearing_68_am-3" uid="instrument ball bearing_68_am-3" entityUid="instrument ball bearing_68_am*:*AFBMA 12.1.4.1 - 0050-11 - 10,SI,NC,10_68">
<Transform>
<Rotation>0 0.071891663422436913 -0.99741244664900552 0 0.99741244664900541 0.071891663422436899 1 0 1.1257498422527998e-16</Rotation>
<Translation>0.002470513396608285 0.0089015639727321183 0.034475124160954718</Translation>
</Transform>
</Instance>
<Instance name="Parça3-1" uid="Parça3-1" entityUid="Parça3*:*Varsayilan">
<Transform>
<Rotation>1 0 0 0 1 0 0 0 1</Rotation>
<Translation>0.00097051339660828365 0.0089015639727321183 0.035999999999999976</Translation>
</Transform>
</Instance>
<Instance name="instrument ball bearing_68_am-6" uid="instrument ball bearing_68_am-6" entityUid="instrument ball bearing_68_am*:*AFBMA 12.1.4.1 - 0040-9 - 10,SI,NC,10_68">
<Transform>
<Rotation>0 0.085775120249902539 0.99631452300270873 0 0.99631452300270862 -0.085775120249902526 -1 0 0</Rotation>
<Translation>0.002470513396608285 0.0089015639727321183 0.025437454661662695</Translation>
</Transform>
</Instance>
</Instance>
<Instance name="Part12-1" uid="Part12-1" entityUid="Part12*:*Varsayilan">
<Transform>
<Rotation>0.90105111406194871 0.39841466308685697 0.17138449779693421 -0.39841466308673518 0.60420445624767916 0.69007443894693676 0.17138449779721748 -0.69007443894686638 0.70315334218573033</Rotation>
<Translation>-0.2137308632024448 -0.16081173177401006 0.90158744585328066</Translation>
</Transform>
</Instance>
<Instance name="Parça2-1" uid="Parça2-1" entityUid="Parça2*:*Varsayilan">
<Transform>
<Rotation>-0.86602540378443826 -0.42750690017594273 -0.25930262301403212 4.9266146717741321e-16 0.51860524602806268 -0.85501380035188479 0.50000000000000078 -0.74046367169100813 -0.44912531759618068</Rotation>
<Translation>-0.24125907371745961 -0.17632559870877151 0.29360547811044374</Translation>
</Transform>
</Instance>
<Instance name="Parça1-4" uid="Parça1-4" entityUid="Parça1*:*Varsayilan">
<Transform>
<Rotation>0.76516867986832504 -0.64340767558533485 -0.023312107293018466 -0.64382986211309323 -0.76466692633511224 -0.027705602694170176 0 0.036208490262484218 -0.99934425761741952</Rotation>
<Translation>0.22574736968276143 -0.18931143824060412 0.61840990882050217</Translation>
</Transform>
</Instance>
<Instance name="mafsal-2" uid="mafsal-2" entityUid="mafsal" rigid="true">
<Transform>
<Rotation>-0.3107270027419341 -0.86602540378443682 0.39172532438817032 0.78345064877633674 -1.0180658399638887e-15 0.62145400548386287 -0.53819495603261758 0.50000000000000311 0.67848816445170623</Rotation>
<Translation>-0.27233169996986339 -0.1840795371913409 0.29516107081411075</Translation>
</Transform>
<Instance name="instrument ball bearing_68_am-3" uid="instrument ball bearing_68_am-3" entityUid="instrument ball bearing_68_am*:*AFBMA 12.1.4.1 - 0050-11 - 10,SI,NC,10_68">
<Transform>
<Rotation>0 0.071891663422436927 -0.9974124466490053 0 0.99741244664900541 0.071891663422436913 0.99999999999999989 0 0</Rotation>
<Translation>0.0024705133966082815 0.0089015639727320628 0.034475124160954745</Translation>
</Transform>
</Instance>
<Instance name="Parça3-1" uid="Parça3-1" entityUid="Parça3*:*Varsayilan">
<Transform>
<Rotation>1 0 0 0 1 0 0 0 1</Rotation>
<Translation>0.00097051339660828018 0.0089015639727320628 0.036000000000000032</Translation>
</Transform>
</Instance>
<Instance name="instrument ball bearing_68_am-6" uid="instrument ball bearing_68_am-6" entityUid="instrument ball bearing_68_am*:*AFBMA 12.1.4.1 - 0040-9 - 10,SI,NC,10_68">
<Transform>
<Rotation>0 0.085775120249902553 0.9963145230027084 0 0.99631452300270851 -0.085775120249902539 -0.99999999999999989 0 0</Rotation>
<Translation>0.0024705133966083093 0.0089015639727321183 0.025437454661662695</Translation>
</Transform>
</Instance>
</Instance>
<Instance name="Parça1-2" uid="Parça1-2" entityUid="Parça1*:*Varsayilan">
<Transform>
<Rotation>-0.3913210123221425 0.27231875435576652 -0.8790394538024433 -0.62247205661033933 -0.78186391841024938 0.034890569319882957 -0.67778787541122942 0.5608309095567886 0.47547059512785561</Rotation>
<Translation>-0.20238421652748748 -0.18212556346801412 0.29724870409503723</Translation>
</Transform>
</Instance>
<Instance name="Part9-3" uid="Part9-3" entityUid="Part9*:*Varsayilan">
<Transform>
<Rotation>0.25930262301403328 -0.86602540378443815 0.42750690017594217 0.85501380035188357 9.0089624099929645e-16 -0.51860524602806435 0.44912531759618191 0.50000000000000089 0.74046367169100713</Rotation>
<Translation>-0.18400922706313438 0.050253058384478001 0.41924320928415493</Translation>
</Transform>
</Instance>
<Instance name="instrument ball bearing_68_am-15" uid="instrument ball bearing_68_am-15" entityUid="instrument ball bearing_68_am*:*AFBMA 12.1.4.1 - 0030-10 - 8,SI,NC,8_68">
<Transform>
<Rotation>-0.86602540378443671 -0.41386271716429135 0.28056666113669498 2.9479457069880861e-16 -0.56113332227338675 -0.82772543432857693 0.50000000000000322 -0.71683125348705401 0.48595571199871235</Rotation>
<Translation>-0.24530592320873962 -0.1635003917034481 0.30492443410558956</Translation>
</Transform>
</Instance>
<Instance name="Parça2-4" uid="Parça2-4" entityUid="Parça2*:*Varsayilan">
<Transform>
<Rotation>2.5374192386868255e-16 0.88477357723559358 0.46602115512681497 -8.6021844879328774e-16 0.46602115512681497 -0.88477357723559358 -1 -1.7637584549210899e-16 8.7934765860827424e-16</Rotation>
<Translation>0.24827271965286507 -0.18412021325634076 0.58462732610611878</Translation>
</Transform>
</Instance>
<Instance name="instrument ball bearing_68_am-13" uid="instrument ball bearing_68_am-13" entityUid="instrument ball bearing_68_am*:*AFBMA 12.1.4.1 - 0030-10 - 8,SI,NC,8_68">
<Transform>
<Rotation>-1.1484013771312875e-16 -0.14703474693982271 0.98913132757604161 0 0.98913132757604161 0.14703474693982271 -1 0 -1.2284087340854186e-16</Rotation>
<Translation>0.24128240232598291 -0.17084860959778295 0.57645518764340975</Translation>
</Transform>
</Instance>
<Instance name="Part2-1" uid="Part2-1" entityUid="Part2*:*Varsayilan">
<Transform>
<Rotation>0.25214626205962243 0.86602540378443604 -0.43176644442263529 0.86353288884526391 -1.0044048925905713e-15 0.50429252411923908 0.43673013682583606 -0.50000000000000455 -0.7478414187433603</Rotation>
<Translation>-0.21557950731129302 -0.16350039170344791 0.28776187988515567</Translation>
</Transform>
</Instance>
<Instance name="instrument ball bearing_68_am-12" uid="instrument ball bearing_68_am-12" entityUid="instrument ball bearing_68_am*:*AFBMA 12.1.4.1 - 0030-10 - 8,SI,NC,8_68">
<Transform>
<Rotation>-1.1484013771312846e-16 0.088010634450488803 0.99611953510792206 0 0.99611953510792206 -0.088010634450488803 -1 0 -1.0885839029920225e-16</Rotation>
<Translation>0.24128240232598291 -0.17084860959778295 0.59287827588490893</Translation>
</Transform>
</Instance>
<Instance name="Part2-3" uid="Part2-3" entityUid="Part2*:*Varsayilan">
<Transform>
<Rotation>-0.16539815964389801 -0.86602540378443615 -0.47185108751216831 0.94370217502432852 -1.2754687098092329e-16 -0.33079631928779296 0.2864780159816161 -0.50000000000000433 0.81727005717769474</Rotation>
<Translation>-0.26441902924453076 -0.15658230058025394 0.86588192478065606</Translation>
</Transform>
</Instance>
<Instance name="instrument ball bearing_68_am-18" uid="instrument ball bearing_68_am-18" entityUid="instrument ball bearing_68_am*:*AFBMA 12.1.4.1 - 0030-10 - 8,SI,NC,8_68">
<Transform>
<Rotation>0.86602540378443615 0.26624535935138105 -0.42321792096254396 0 0.84643584192508092 0.53249071870275744 0.50000000000000433 -0.46115048967602018 0.73303494178078765</Rotation>
<Translation>-0.25007007300227296 -0.15658230058025396 0.87416629852971384</Translation>
</Transform>
</Instance>
<Instance name="Parça2-2" uid="Parça2-2" entityUid="Parça2*:*Varsayilan">
<Transform>
<Rotation>0.86602540378443704 -0.41367071792963062 -0.28084966997948679 8.0968218241217461e-16 0.5616993399589717 -0.82734143585925601 0.50000000000000266 0.71649870105760793 0.48644589769342056</Rotation>
<Translation>-0.24684174723329638 -0.16899242211811044 0.88575909123533836</Translation>
</Transform>
</Instance>
<Instance name="Parça1-1" uid="Parça1-1" entityUid="Parça1*:*Varsayilan">
<Transform>
<Rotation>0.39172532438817204 0.25121055979883439 0.88512401666576501 0.6214540054838622 -0.78164277630367252 -0.053192944272252234 0.67848816445170601 0.57090088885711454 -0.46230507871005633</Rotation>
<Translation>-0.25948702649313721 -0.18247259011182451 0.3304892809028952</Translation>
</Transform>
</Instance>
<Instance name="mafsal-3" uid="mafsal-3" entityUid="mafsal" rigid="true">
<Transform>
<Rotation>0.30210222812384369 0.86602540378443582 -0.3984146630868578 -0.79682932617370883 1.6484209830469609e-15 -0.60420445624767849 -0.52325640819025088 0.500000000000005 0.69007443894686671</Rotation>
<Translation>-0.20744484880375824 -0.13648758936772157 0.87289662159217518</Translation>
</Transform>
<Instance name="instrument ball bearing_68_am-3" uid="instrument ball bearing_68_am-3" entityUid="instrument ball bearing_68_am*:*AFBMA 12.1.4.1 - 0050-11 - 10,SI,NC,10_68">
<Transform>
<Rotation>-2.2204460492503131e-16 0.071891663422437205 -0.99741244664900541 -1.1102230246251565e-16 0.99741244664900541 0.071891663422437205 1 1.26698182333782e-16 -2.1348847466246809e-16</Rotation>
<Translation>0.0024705133966083093 0.0089015639727320073 0.034475124160954662</Translation>
</Transform>
</Instance>
<Instance name="Parça3-1" uid="Parça3-1" entityUid="Parça3*:*Varsayilan">
<Transform>
<Rotation>1 0 0 0 1 0 0 0 1</Rotation>
<Translation>0.00097051339660830793 0.0089015639727320073 0.035999999999999921</Translation>
</Transform>
</Instance>
<Instance name="instrument ball bearing_68_am-6" uid="instrument ball bearing_68_am-6" entityUid="instrument ball bearing_68_am*:*AFBMA 12.1.4.1 - 0040-9 - 10,SI,NC,10_68">
<Transform>
<Rotation>2.2204460492503131e-16 0.085775120249902775 0.9963145230027084 1.1102230246251565e-16 0.99631452300270851 -0.08577512024990272 -1 0 1.1102230246251565e-16</Rotation>
<Translation>0.0024705133966083093 0.0089015639727320073 0.025437454661662473</Translation>
</Transform>
</Instance>
</Instance>
<Instance name="instrument ball bearing_68_am-16" uid="instrument ball bearing_68_am-16" entityUid="instrument ball bearing_68_am*:*AFBMA 12.1.4.1 - 0030-10 - 8,SI,NC,8_68">
<Transform>
<Rotation>-0.86602540378443671 0.057843719347903715 -0.49664283356553551 5.0979186150268409e-16 0.9932856671310647 0.11568743869580579 0.50000000000000322 0.10018826080932224 -0.86021062095047385</Rotation>
<Translation>-0.22992630776700634 -0.16350039170344399 0.29604500899026176</Translation>
</Transform>
</Instance>
<Instance name="Part12-2" uid="Part12-2" entityUid="Part12*:*Varsayilan">
<Transform>
<Rotation>0.70208288954032438 -0.39172532438817181 0.59466871991697223 -0.67850614117170238 -0.6214540054838622 0.39169418614570983 0.2161227257994742 -0.67848816445170612 -0.70210026213637011</Rotation>
<Translation>-0.26631449872427432 -0.15915021366504117 0.32338629703632021</Translation>
</Transform>
</Instance>
<Instance name="hex flange machine screw_am-7" uid="hex flange machine screw_am-7" entityUid="hex flange machine screw_am*:*B18.6.7M - M5 x 0.8 x 45 Indented HFMS --45C">
<Transform>
<Rotation>0 1 0 -1 0 0 0 0 1</Rotation>
<Translation>0.18183961354425471 0.030744784711102424 0.62870242922467201</Translation>
</Transform>
</Instance>
<Instance name="hex flange nut_am-7" uid="hex flange nut_am-7" entityUid="hex flange nut_am*:*B18.2.2.4M - Hex flange nut, M5 x 0.8 --N">
<Transform>
<Rotation>1 3.1112311318764936e-16 3.1112311318764936e-16 3.1112311318764936e-16 0 -1 -3.1112311318764936e-16 1 0</Rotation>
<Translation>-0.22570159198338824 -0.019655215288897354 0.79099306202549668</Translation>
</Transform>
</Instance>
<Instance name="hex flange nut_am-8" uid="hex flange nut_am-8" entityUid="hex flange nut_am*:*B18.2.2.4M - Hex flange nut, M5 x 0.8 --N">
<Transform>
<Rotation>1 0 0 0 0 -1 0 1 0</Rotation>
<Translation>-0.18205697304015556 -0.019655215288897354 0.68539836453883463</Translation>
</Transform>
</Instance>
<Instance name="hex flange nut_am-9" uid="hex flange nut_am-9" entityUid="hex flange nut_am*:*B18.2.2.4M - Hex flange nut, M5 x 0.8 --N">
<Transform>
<Rotation>1 0 0 0 0 -1 0 1 0</Rotation>
<Translation>-0.16906659198338858 -0.019655215288897354 0.69289836453883358</Translation>
</Transform>
</Instance>
<Instance name="hex flange nut_am-10" uid="hex flange nut_am-10" entityUid="hex flange nut_am*:*B18.2.2.4M - Hex flange nut, M5 x 0.8 --N">
<Transform>
<Rotation>1 0 0 0 0 -1 0 1 0</Rotation>
<Translation>0.068569613544254726 -0.019655215288897354 0.613702429224672</Translation>
</Transform>
</Instance>
<Instance name="hex flange machine screw_am-9" uid="hex flange machine screw_am-9" entityUid="hex flange machine screw_am*:*B18.6.7M - M5 x 0.8 x 45 Indented HFMS --45C">
<Transform>
<Rotation>0 1 0 -1 0 0 0 0 1</Rotation>
<Translation>0.068566654791583637 0.030836511037640485 0.62870242922467201</Translation>
</Transform>
</Instance>
<Instance name="hex flange nut_am-11" uid="hex flange nut_am-11" entityUid="hex flange nut_am*:*B18.2.2.4M - Hex flange nut, M5 x 0.8 --N">
<Transform>
<Rotation>1 0 0 0 0 -1 0 1 0</Rotation>
<Translation>0.068569613544254726 -0.019655215288897354 0.62870242922467212</Translation>
</Transform>
</Instance>
<Instance name="hex flange nut_am-12" uid="hex flange nut_am-12" entityUid="hex flange nut_am*:*B18.2.2.4M - Hex flange nut, M5 x 0.8 --N">
<Transform>
<Rotation>1 0 0 0 0 -1 0 1 0</Rotation>
<Translation>0.18183961354425471 -0.019655215288897354 0.613702429224672</Translation>
</Transform>
</Instance>
<Instance name="hex flange nut_am-13" uid="hex flange nut_am-13" entityUid="hex flange nut_am*:*B18.2.2.4M - Hex flange nut, M5 x 0.8 --N">
<Transform>
<Rotation>1 0 0 0 0 -1 0 1 0</Rotation>
<Translation>0.18183961354425471 -0.019655215288897354 0.62870242922467212</Translation>
</Transform>
</Instance>
<Instance name="hex flange machine screw_am-5" uid="hex flange machine screw_am-5" entityUid="hex flange machine screw_am*:*B18.6.7M - M5 x 0.8 x 45 Indented HFMS --45C">
<Transform>
<Rotation>3.1112311318764936e-16 1 0 -1 3.1112311318764936e-16 0 0 0 1</Rotation>
<Translation>-0.18205549366381901 0.03065305838456478 0.68539580218385709</Translation>
</Transform>
</Instance>
<Instance name="Kopya Moteur-1" uid="Kopya Moteur-1" entityUid="Kopya Moteur*:*Default">
<Transform>
<Rotation>-0.86602540378443726 -0.50000000000000211 -1.8962750279929708e-15 5.5511151231257817e-16 2.8310687127941488e-15 -0.99999999999999978 0.50000000000000222 -0.86602540378443738 -2.1742216689827494e-15</Rotation>
<Translation>-0.17187261962752926 0.050253058384564842 0.41223613571414131</Translation>
</Transform>
</Instance>
<Instance name="hex flange nut_am-14" uid="hex flange nut_am-14" entityUid="hex flange nut_am*:*B18.2.2.4M - Hex flange nut, M5 x 0.8 --N">
<Transform>
<Rotation>1 1.1203022279173095e-16 1.1203022279173102e-16 1.1203022279173097e-16 3.4883598768622688e-16 -1 -1.12030222791731e-16 1 3.4883598768622688e-16</Rotation>
<Translation>-0.11883285070042982 -0.019655215288897354 0.44750371031759051</Translation>
</Transform>
</Instance>
<Instance name="hex flange machine screw_am-13" uid="hex flange machine screw_am-13" entityUid="hex flange machine screw_am*:*B18.6.7M - M5 x 0.8 x 45 Indented HFMS --45C">
<Transform>
<Rotation>1.1203022279173102e-16 1 -3.4883598768622683e-16 -1 1.1203022279173114e-16 3.4883598768622683e-16 3.4883598768622688e-16 3.4883598768622679e-16 1</Rotation>
<Translation>-0.17546933007676535 0.030744784711102535 0.34940645047595065</Translation>
</Transform>
</Instance>
<Instance name="hex flange machine screw_am-4" uid="hex flange machine screw_am-4" entityUid="hex flange machine screw_am*:*B18.6.7M - M5 x 0.8 x 45 Indented HFMS --45C">
<Transform>
<Rotation>3.1112311318764936e-16 1 0 -1 3.1112311318764936e-16 0 0 0 1</Rotation>
<Translation>-0.16906511260705237 0.03065305838456478 0.69289580218385716</Translation>
</Transform>
</Instance>
<Instance name="hex flange machine screw_am-11" uid="hex flange machine screw_am-11" entityUid="hex flange machine screw_am*:*B18.6.7M - M5 x 0.8 x 45 Indented HFMS --45C">
<Transform>
<Rotation>1.1203022279173102e-16 1 -3.4883598768622683e-16 -1 1.1203022279173114e-16 3.4883598768622683e-16 3.4883598768622688e-16 3.4883598768622679e-16 1</Rotation>
<Translation>-0.10584246964366306 0.030653058384564724 0.44000371031759045</Translation>
</Transform>
</Instance>
<Instance name="hex flange machine screw_am-2" uid="hex flange machine screw_am-2" entityUid="hex flange machine screw_am*:*B18.6.7M - M5 x 0.8 x 45 Indented HFMS --45C">
<Transform>
<Rotation>3.1112311318764936e-16 1 0 -1 3.1112311318764936e-16 0 0 0 1</Rotation>
<Translation>-0.23869197304015488 0.030744784711102535 0.78349306202549673</Translation>
</Transform>
</Instance>
<Instance name="Part10-3" uid="Part10-3" entityUid="Part10*:*Varsayilan">
<Transform>
<Rotation>0.50000000000000189 -1.1203022279173105e-16 -0.86602540378443749 3.8857805861880479e-16 1.0000000000000002 0 0.86602540378443749 -3.4883598768622693e-16 0.50000000000000211</Rotation>
<Translation>-0.15343327060514861 0.050253058384564807 0.4025740250794001</Translation>
</Transform>
</Instance>
<Instance name="hex flange machine screw_am-3" uid="hex flange machine screw_am-3" entityUid="hex flange machine screw_am*:*B18.6.7M - M5 x 0.8 x 45 Indented HFMS --45C">
<Transform>
<Rotation>3.1112311318764936e-16 1 0 -1 3.1112311318764936e-16 0 0 0 1</Rotation>
<Translation>-0.22570159198338846 0.030744784711102563 0.7909930620254968</Translation>
</Transform>
</Instance>
<Instance name="hex flange nut_am-2" uid="hex flange nut_am-2" entityUid="hex flange nut_am*:*B18.2.2.4M - Hex flange nut, M5 x 0.8 --N">
<Transform>
<Rotation>1 1.1203022279173095e-16 1.1203022279173102e-16 1.1203022279173097e-16 3.4883598768622688e-16 -1 -1.12030222791731e-16 1 3.4883598768622688e-16</Rotation>
<Translation>-0.16247894901999882 -0.019655215288897354 0.3419064504759507</Translation>
</Transform>
</Instance>
<Instance name="hex flange nut_am-1" uid="hex flange nut_am-1" entityUid="hex flange nut_am*:*B18.2.2.4M - Hex flange nut, M5 x 0.8 --N">
<Transform>
<Rotation>1 1.1203022279173095e-16 1.1203022279173102e-16 1.1203022279173097e-16 3.4883598768622688e-16 -1 -1.12030222791731e-16 1 3.4883598768622688e-16</Rotation>
<Translation>-0.17546933007676546 -0.019655215288897354 0.34940645047595065</Translation>
</Transform>
</Instance>
<Instance name="hex flange machine screw_am-6" uid="hex flange machine screw_am-6" entityUid="hex flange machine screw_am*:*B18.6.7M - M5 x 0.8 x 45 Indented HFMS --45C">
<Transform>
<Rotation>0 1 0 -1 0 0 0 0 1</Rotation>
<Translation>0.18183961354425471 0.030744784711102424 0.613702429224672</Translation>
</Transform>
</Instance>
<Instance name="hex flange machine screw_am-10" uid="hex flange machine screw_am-10" entityUid="hex flange machine screw_am*:*B18.6.7M - M5 x 0.8 x 45 Indented HFMS --45C">
<Transform>
<Rotation>1.1203022279173102e-16 1 -3.4883598768622683e-16 -1 1.1203022279173114e-16 3.4883598768622683e-16 3.4883598768622688e-16 3.4883598768622679e-16 1</Rotation>
<Translation>-0.1188328507004297 0.030653058384564724 0.44750371031759051</Translation>
</Transform>
</Instance>
<Instance name="hex flange nut_am-3" uid="hex flange nut_am-3" entityUid="hex flange nut_am*:*B18.2.2.4M - Hex flange nut, M5 x 0.8 --N">
<Transform>
<Rotation>1 1.1203022279173095e-16 1.1203022279173102e-16 1.1203022279173097e-16 3.4883598768622688e-16 -1 -1.12030222791731e-16 1 3.4883598768622688e-16</Rotation>
<Translation>-0.10584246964366295 -0.019655215288897354 0.44000371031759045</Translation>
</Transform>
</Instance>
<Instance name="hex flange machine screw_am-12" uid="hex flange machine screw_am-12" entityUid="hex flange machine screw_am*:*B18.6.7M - M5 x 0.8 x 45 Indented HFMS --45C">
<Transform>
<Rotation>1.1203022279173102e-16 1 -3.4883598768622683e-16 -1 1.1203022279173114e-16 3.4883598768622683e-16 3.4883598768622688e-16 3.4883598768622679e-16 1</Rotation>
<Translation>-0.16247894901999882 0.030744784711102535 0.34190645047595064</Translation>
</Transform>
</Instance>
<Instance name="hex flange nut_am-6" uid="hex flange nut_am-6" entityUid="hex flange nut_am*:*B18.2.2.4M - Hex flange nut, M5 x 0.8 --N">
<Transform>
<Rotation>1 3.1112311318764936e-16 3.1112311318764936e-16 3.1112311318764936e-16 0 -1 -3.1112311318764936e-16 1 0</Rotation>
<Translation>-0.23869197304015488 -0.019655215288897354 0.78349306202549684</Translation>
</Transform>
</Instance>
<Instance name="hex flange machine screw_am-8" uid="hex flange machine screw_am-8" entityUid="hex flange machine screw_am*:*B18.6.7M - M5 x 0.8 x 45 Indented HFMS --45C">
<Transform>
<Rotation>0 1 0 -1 0 0 0 0 1</Rotation>
<Translation>0.068566654791583637 0.030836511037640485 0.613702429224672</Translation>
</Transform>
</Instance>
<Instance name="Parça1-5" uid="Parça1-5" entityUid="Parça1*:*Varsayilan">
<Transform>
<Rotation>-0.76548211599370086 -0.64340362996608991 0.0083005445764138576 0.64345717036474648 -0.76541842221648881 0.0098746563390560912 0 0.012899917754756983 0.99991679259922428</Rotation>
<Translation>0.22587391738509743 -0.18917915310562533 0.55234754728118329</Translation>
</Transform>
</Instance>
<Instance name="Part12-4" uid="Part12-4" entityUid="Part12*:*Varsayilan">
<Transform>
